9.300009713542843892e-01 0.000000000000000000e+00
8.990372198712304197e-01 9.000000000000000222e-01
8.882322961530719763e-01 1.800000000000000044e+00
8.644045595443190511e-01 2.700000000000000178e+00
7.792113842849518468e-01 3.600000000000000089e+00
7.652916044074131730e-01 4.500000000000000000e+00
7.437496322846206542e-01 5.400000000000000355e+00
7.777386361210301136e-01 6.299999999999999822e+00
6.842865935453860127e-01 7.200000000000000178e+00
7.085200772319159013e-01 8.099999999999999645e+00
6.288833826268902527e-01 9.000000000000000000e+00
6.454567486824750455e-01 9.900000000000000355e+00
6.427123056602137563e-01 1.080000000000000071e+01
6.138363704614147043e-01 1.170000000000000107e+01
5.884476159487793678e-01 1.259999999999999964e+01
4.810878261348475737e-01 1.350000000000000000e+01
5.996576341809456423e-01 1.440000000000000036e+01
3.691824261401086549e-01 1.530000000000000071e+01
5.397254672035498579e-01 1.619999999999999929e+01
4.720356351637042813e-01 1.710000000000000142e+01
5.282043959864141103e-01 1.800000000000000000e+01
4.259938277110461580e-01 1.890000000000000213e+01
5.234192413661435950e-01 1.980000000000000071e+01
5.443219469728792781e-01 2.069999999999999929e+01
4.421803869543418086e-01 2.160000000000000142e+01
3.515817250364298707e-01 2.250000000000000000e+01
3.399965839219831754e-01 2.340000000000000213e+01
4.100939407442804052e-01 2.430000000000000071e+01
3.974632492263366901e-01 2.519999999999999929e+01
2.785379747919730087e-01 2.610000000000000142e+01
1.935475037811151267e-01 2.700000000000000000e+01
1.726661359967743281e-01 2.790000000000000213e+01
2.979192576334875886e-01 2.880000000000000071e+01
2.435257856921464459e-01 2.969999999999999929e+01
2.216520999235062628e-01 3.060000000000000142e+01
2.107336243218524419e-01 3.150000000000000000e+01
2.305498792588920876e-01 3.239999999999999858e+01
1.944835377786146013e-01 3.330000000000000426e+01
3.686031057813599632e-01 3.420000000000000284e+01
1.795881504688100483e-01 3.510000000000000142e+01
2.295433625866452054e-01 3.600000000000000000e+01
1.462215882892447527e-01 3.689999999999999858e+01
1.814552670819526980e-01 3.780000000000000426e+01
9.717732770120612873e-02 3.870000000000000284e+01
-2.477311371786017347e-02 3.960000000000000142e+01
1.363210224576568708e-01 4.050000000000000000e+01
1.345170829882877950e-01 4.139999999999999858e+01
1.522291453290182117e-01 4.230000000000000426e+01
1.558398212947625927e-02 4.320000000000000284e+01
6.949729880719546227e-02 4.410000000000000142e+01
5.735574362452244834e-02 4.500000000000000000e+01
