8.998390934137032726e-01 0.000000000000000000e+00
9.214869733082590164e-01 2.999999999999999889e-01
8.596109751313265601e-01 5.999999999999999778e-01
7.683386301079848657e-01 8.999999999999999112e-01
5.141728859056130529e-01 1.199999999999999956e+00
3.032473264994480222e-01 1.500000000000000000e+00
2.393608358990695351e-02 1.799999999999999822e+00
-3.070060074911074022e-02 2.100000000000000089e+00
-1.634228240390475095e-01 2.399999999999999911e+00
-2.221702866967645296e-02 2.699999999999999734e+00
-6.411343852614215244e-02 3.000000000000000000e+00
1.293207162495416673e-01 3.299999999999999822e+00
4.214434296510563005e-01 3.599999999999999645e+00
8.548989525078896090e-01 3.899999999999999911e+00
7.529629905904950959e-01 4.200000000000000178e+00
8.654414558815149983e-01 4.500000000000000000e+00
8.871282769040367278e-01 4.799999999999999822e+00
8.977020063945064798e-01 5.099999999999999645e+00
7.421921477748043561e-01 5.399999999999999467e+00
5.678890183587217422e-01 5.700000000000000178e+00
3.859895561645206863e-01 6.000000000000000000e+00
6.973710514032199770e-02 6.299999999999999822e+00
-1.050078590243708199e-02 6.599999999999999645e+00
-1.343593310164240551e-01 6.899999999999999467e+00
-9.174508943874826183e-02 7.199999999999999289e+00
3.631987449499252119e-02 7.500000000000000000e+00
2.720131227838761823e-01 7.799999999999999822e+00
3.333776122508265161e-01 8.099999999999999645e+00
5.008458668853805751e-01 8.400000000000000355e+00
6.415716184044559789e-01 8.699999999999999289e+00
8.388450590447350530e-01 9.000000000000000000e+00
7.875664027488372687e-01 9.299999999999998934e+00
8.228034977345793921e-01 9.599999999999999645e+00
6.361957980761862030e-01 9.900000000000000355e+00
5.708779789061974030e-01 1.019999999999999929e+01
4.092480907702589765e-01 1.050000000000000000e+01
3.414379366786813863e-01 1.079999999999999893e+01
4.779294260307542785e-03 1.109999999999999964e+01
-6.649691973398641487e-02 1.140000000000000036e+01
-8.943151068819843452e-02 1.169999999999999929e+01
-4.830891268521608772e-02 1.200000000000000000e+01
1.784175436706721407e-01 1.229999999999999893e+01
3.822071113533573317e-01 1.259999999999999964e+01
5.962034477555854250e-01 1.290000000000000036e+01
7.084577711377851861e-01 1.319999999999999929e+01
7.087213157440663824e-01 1.350000000000000000e+01
6.828591457505930329e-01 1.379999999999999893e+01
6.848058490988688796e-01 1.409999999999999964e+01
5.759733776796260862e-01 1.439999999999999858e+01
5.627277019630754218e-01 1.469999999999999929e+01
4.087231603717613737e-01 1.500000000000000000e+01
1.822034509765117494e-01 1.529999999999999893e+01
1.980873320443602426e-01 1.559999999999999964e+01
2.845565500315228036e-03 1.589999999999999858e+01
9.541555600548962124e-02 1.619999999999999929e+01
6.614595990443844498e-02 1.650000000000000000e+01
1.499518178704112303e-01 1.680000000000000071e+01
3.874167652164713926e-01 1.709999999999999787e+01
5.072601158458158732e-01 1.739999999999999858e+01
6.522640161098777201e-01 1.769999999999999929e+01
7.980757830852168722e-01 1.800000000000000000e+01
7.017372773285315279e-01 1.830000000000000071e+01
8.523680367429876670e-01 1.859999999999999787e+01
7.390537501242484542e-01 1.889999999999999858e+01
4.888742806902239835e-01 1.919999999999999929e+01
4.888377863146599056e-01 1.950000000000000000e+01
2.977239558600153213e-01 1.980000000000000071e+01
1.678632492944905907e-01 2.009999999999999787e+01
1.531465385747774466e-01 2.039999999999999858e+01
8.711773019813101593e-02 2.069999999999999929e+01
1.189597096438355095e-02 2.100000000000000000e+01
8.156470335690779727e-02 2.130000000000000071e+01
3.411547731984697629e-01 2.159999999999999787e+01
2.831131210796866138e-01 2.189999999999999858e+01
5.682697075665431585e-01 2.219999999999999929e+01
6.505429898592443028e-01 2.250000000000000000e+01
6.624700729416728162e-01 2.280000000000000071e+01
4.980481928908478961e-01 2.309999999999999787e+01
6.149399136716919845e-01 2.339999999999999858e+01
4.899359758975648238e-01 2.369999999999999929e+01
4.275618892522388692e-01 2.400000000000000000e+01
3.080700520084624361e-01 2.430000000000000071e+01
2.208786425669703180e-01 2.459999999999999787e+01
1.830317830136149460e-01 2.489999999999999858e+01
-5.786639191166953466e-03 2.519999999999999929e+01
6.924469441079617038e-02 2.550000000000000000e+01
2.154402383347169270e-01 2.580000000000000071e+01
3.432868914726945886e-01 2.609999999999999787e+01
5.435072261716388242e-01 2.639999999999999858e+01
5.861500503317781385e-01 2.669999999999999929e+01
6.281960593470714560e-01 2.700000000000000000e+01
7.447255681691604678e-01 2.730000000000000071e+01
6.489195964087680624e-01 2.759999999999999787e+01
6.730837593023829557e-01 2.789999999999999858e+01
5.410735959445782672e-01 2.819999999999999929e+01
4.475595467885509215e-01 2.850000000000000000e+01
1.709515673782931455e-01 2.879999999999999716e+01
1.383815786501019773e-01 2.909999999999999787e+01
1.105892726146810445e-01 2.939999999999999858e+01
6.926859908047716674e-02 2.969999999999999929e+01
1.736362190643623848e-01 3.000000000000000000e+01
1.150863036913257753e-01 3.029999999999999716e+01
2.504982067362829801e-01 3.059999999999999787e+01
3.992787250392301202e-01 3.089999999999999858e+01
2.792757364762716854e-01 3.119999999999999929e+01
6.313581214775395578e-01 3.150000000000000000e+01
6.136678180147623340e-01 3.179999999999999716e+01
5.704697532436396878e-01 3.210000000000000142e+01
6.596185443496260792e-01 3.239999999999999858e+01
5.744315026109161337e-01 3.269999999999999574e+01
5.797622555251942256e-01 3.300000000000000000e+01
4.380456257135046938e-01 3.329999999999999716e+01
2.717432232772113432e-01 3.360000000000000142e+01
5.890727982025034670e-02 3.389999999999999858e+01
2.804478538654844311e-01 3.419999999999999574e+01
1.289535630374146202e-01 3.450000000000000000e+01
2.054848759565828797e-01 3.479999999999999716e+01
2.647099662160819489e-01 3.510000000000000142e+01
3.880760456173429906e-01 3.539999999999999858e+01
5.214573047776037695e-01 3.569999999999999574e+01
3.925353929449910684e-01 3.600000000000000000e+01
6.558881266680385291e-01 3.629999999999999716e+01
5.120452371867810770e-01 3.660000000000000142e+01
5.879719722014132843e-01 3.689999999999999858e+01
5.436979932780340308e-01 3.719999999999999574e+01
4.574708502603362925e-01 3.750000000000000000e+01
3.298087120601385647e-01 3.779999999999999716e+01
3.902460704672172098e-01 3.810000000000000142e+01
2.664613634501065143e-01 3.839999999999999858e+01
1.637945402400185491e-01 3.869999999999999574e+01
1.394790852837852202e-01 3.900000000000000000e+01
2.218585155380183305e-01 3.929999999999999716e+01
2.667067129579530071e-01 3.960000000000000142e+01
3.564055082485819703e-01 3.989999999999999858e+01
4.075351571785156835e-01 4.019999999999999574e+01
4.718935687032823068e-01 4.050000000000000000e+01
6.052219238966194403e-01 4.079999999999999716e+01
5.721163090905965198e-01 4.110000000000000142e+01
5.558971202119291632e-01 4.139999999999999858e+01
4.162718473131917785e-01 4.169999999999999574e+01
4.169877922424845562e-01 4.200000000000000000e+01
3.129289940831880834e-01 4.229999999999999716e+01
2.791738656289324272e-01 4.260000000000000142e+01
1.933595755441536168e-01 4.289999999999999858e+01
1.941811735861781463e-01 4.319999999999999574e+01
9.555266095557107819e-02 4.350000000000000000e+01
3.395547461610846085e-01 4.379999999999999716e+01
3.986360466709183981e-01 4.410000000000000142e+01
3.754900091393905126e-01 4.439999999999999858e+01
3.104277504362663587e-01 4.469999999999999574e+01
3.971317482786573816e-01 4.500000000000000000e+01
