8.845839597075879635e-01 0.000000000000000000e+00
9.038185907791823626e-01 9.000000000000000222e-01
9.183026806018583788e-01 1.800000000000000044e+00
9.460966520494701326e-01 2.700000000000000178e+00
9.107808949145113075e-01 3.600000000000000089e+00
8.770713620023529167e-01 4.500000000000000000e+00
7.989192832508997810e-01 5.400000000000000355e+00
8.844186006273169198e-01 6.299999999999999822e+00
9.257312089942306699e-01 7.200000000000000178e+00
8.964733445717567584e-01 8.099999999999999645e+00
7.655667316588607996e-01 9.000000000000000000e+00
7.157303932195144824e-01 9.900000000000000355e+00
7.117308790753679171e-01 1.080000000000000071e+01
8.577391733707698807e-01 1.170000000000000107e+01
8.102530628786533962e-01 1.259999999999999964e+01
8.779314670944482479e-01 1.350000000000000000e+01
8.267836896246905098e-01 1.440000000000000036e+01
6.688412599279915938e-01 1.530000000000000071e+01
6.779539208437695974e-01 1.619999999999999929e+01
6.775604711927598611e-01 1.710000000000000142e+01
8.043289225879739490e-01 1.800000000000000000e+01
5.052184405948795254e-01 1.890000000000000213e+01
7.596323702806788702e-01 1.980000000000000071e+01
8.477314467292282885e-01 2.069999999999999929e+01
7.545236785951772163e-01 2.160000000000000142e+01
8.416836260708352446e-01 2.250000000000000000e+01
6.605563175525585029e-01 2.340000000000000213e+01
7.716062802395002862e-01 2.430000000000000071e+01
6.434825436056944570e-01 2.519999999999999929e+01
6.154368373644000245e-01 2.610000000000000142e+01
7.448007837398905595e-01 2.700000000000000000e+01
6.312632291558266662e-01 2.790000000000000213e+01
5.135758971296090492e-01 2.880000000000000071e+01
6.819891219785955139e-01 2.969999999999999929e+01
8.197253877159422775e-01 3.060000000000000142e+01
6.156694235352054845e-01 3.150000000000000000e+01
7.763515937436357151e-01 3.239999999999999858e+01
7.642943784490470183e-01 3.330000000000000426e+01
6.580100933072241531e-01 3.420000000000000284e+01
7.195454242582601800e-01 3.510000000000000142e+01
5.607797368950514505e-01 3.600000000000000000e+01
6.216793954950017298e-01 3.689999999999999858e+01
5.604308742784959163e-01 3.780000000000000426e+01
6.097902074128122019e-01 3.870000000000000284e+01
7.321215420563105258e-01 3.960000000000000142e+01
5.570729142409129864e-01 4.050000000000000000e+01
6.553334518052449376e-01 4.139999999999999858e+01
6.857019016283805168e-01 4.230000000000000426e+01
5.649792119154105619e-01 4.320000000000000284e+01
5.471721053257039280e-01 4.410000000000000142e+01
6.952372560229584941e-01 4.500000000000000000e+01
